query2175	"death from pneumonia":Physical-And-Mental-Health
