query4427	hormone,"physical changes within the human body"+:Lifestyle
